 Name,Age,Occupation
YAYAYAY,65,Biologist
YAYAYAY,84,Not Engineer
YAYAYAY,61,Biologist
YAYAYAY,61,Engineer
YAYAYAY,47,Engineer
YAYAYAY,28,Engineer
YAYAYAY,23,Biologist
YAYAYAY,50,Not Engineer
YAYAYAY,58,Not Engineer
YAYAYAY,56,Cooler Engineer
YAYAYAY,24,Biologist
YAYAYAY,76,Biologist
YAYAYAY,57,Engineer
YAYAYAY,-20,Engineer
YAYAYAY,33,Not Engineer
YAYAYAY,61,Cooler Engineer
YAYAYAY,70,Not Engineer
YAYAYAY,68,Engineer
YAYAYAY,48,Engineer
YAYAYAY,78,Engineer
